0 0.167946 0.153735 0.332744 0.298968
0 0.546310 0.133975 0.327379 0.262889
0 0.849541 0.231912 0.273711 0.348803
0 0.658346 0.465588 0.293835 0.424395
0 0.371219 0.403735 0.280419 0.362545
0 0.113609 0.491362 0.218700 0.420963
0 0.112935 0.820399 0.211992 0.316149
0 0.262540 0.950578 0.250902 0.098845
0 0.426898 0.776589 0.287127 0.379725
0 0.619436 0.947142 0.296520 0.105715
0 0.762328 0.759405 0.292497 0.386596
0 0.922744 0.917916 0.154511 0.164168
0 0.879729 0.035175 0.237481 0.065289
0 0.925440 0.583284 0.149119 0.412373
